KataGo v1.16.4
Using TrompTaylor rules initially, unless GTP/GUI overrides this
Initializing board with boardXSize 9 boardYSize 9
Loaded config gtp.cfg
Loaded model model.bin.gz
Model name: weiqi1-weiqi1-s5279232-d9530377
GTP ready, beginning main protocol loop
Initializing board with boardXSize 9 boardYSize 9
= 

= symmetry 0
whiteWin 0.481956
whiteLoss 0.518044
noResult 0.000000
whiteLead 0.986
whiteScoreSelfplay -0.028
whiteScoreSelfplaySq 337.983
varTimeLeft 22.858
shorttermWinlossError 0.113
shorttermScoreError 1.113
policy
0.000005 0.000006 0.000006 0.000009 0.000010 0.000009 0.000006 0.000006 0.000006 
0.000005 0.000007 0.000013 0.000043 0.000107 0.000053 0.000014 0.000006 0.000006 
0.000005 0.000014 0.000913 0.022742 0.018886 0.024468 0.000959 0.000012 0.000006 
0.000008 0.000057 0.022454 0.117802 0.062004 0.106052 0.022108 0.000044 0.000009 
0.000008 0.000112 0.017609 0.068691 0.029653 0.065874 0.018166 0.000091 0.000010 
0.000008 0.000053 0.019319 0.111705 0.062123 0.115952 0.025712 0.000042 0.000009 
0.000005 0.000016 0.001028 0.024657 0.018584 0.020340 0.000956 0.000011 0.000006 
0.000005 0.000007 0.000015 0.000064 0.000126 0.000061 0.000014 0.000006 0.000005 
0.000005 0.000006 0.000007 0.000010 0.000011 0.000010 0.000006 0.000006 0.000005 
policyPass 0.000031 
whiteOwnership
-0.0452978 -0.0457676 -0.0821195 -0.1150661 -0.1090571 -0.1275175 -0.0841834 -0.0935252 -0.0673199 
-0.0665532 -0.0589229 -0.1282364 -0.1464218 -0.1554370 -0.1451324 -0.1390138 -0.0823176 -0.0304949 
-0.0882419 -0.1046853 -0.1455209 -0.1952332 -0.1928946 -0.1871066 -0.1547976 -0.1496989 -0.0741137 
-0.1082855 -0.1283154 -0.1169452 -0.1226228 -0.1133615 -0.1288970 -0.1668985 -0.1436024 -0.1252217 
-0.0884825 -0.1199064 -0.0748749 -0.1027768 -0.1549467 -0.0930948 -0.1191952 -0.1401761 -0.1294660 
-0.0935318 -0.1183127 -0.0819526 -0.0964483 -0.1033137 -0.0654135 -0.1530083 -0.1390951 -0.1244373 
-0.0769415 -0.1042348 -0.0995093 -0.1227686 -0.0816874 -0.1069479 -0.0927836 -0.1314877 -0.0677905 
-0.0887902 -0.0752773 -0.1236645 -0.1131588 -0.0887768 -0.1038689 -0.1223757 -0.0833392 -0.0574666 
-0.1175457 -0.0783906 -0.0958851 -0.0841654 -0.0862705 -0.1064079 -0.0975026 -0.0885985 -0.0453846 

symmetry 1
whiteWin 0.481956
whiteLoss 0.518044
noResult 0.000000
whiteLead 0.986
whiteScoreSelfplay -0.028
whiteScoreSelfplaySq 337.983
varTimeLeft 22.858
shorttermWinlossError 0.113
shorttermScoreError 1.113
policy
0.000005 0.000006 0.000007 0.000010 0.000011 0.000010 0.000006 0.000006 0.000005 
0.000005 0.000007 0.000015 0.000064 0.000126 0.000061 0.000014 0.000006 0.000005 
0.000005 0.000016 0.001028 0.024657 0.018584 0.020340 0.000956 0.000011 0.000006 
0.000008 0.000053 0.019319 0.111705 0.062123 0.115953 0.025712 0.000042 0.000009 
0.000008 0.000112 0.017609 0.068691 0.029653 0.065874 0.018166 0.000091 0.000010 
0.000008 0.000057 0.022454 0.117802 0.062003 0.106052 0.022108 0.000044 0.000009 
0.000005 0.000014 0.000913 0.022742 0.018886 0.024468 0.000959 0.000012 0.000006 
0.000005 0.000007 0.000013 0.000043 0.000107 0.000053 0.000014 0.000006 0.000006 
0.000005 0.000006 0.000006 0.000009 0.000010 0.000009 0.000006 0.000006 0.000006 
policyPass 0.000031 
whiteOwnership
-0.1175460 -0.0783906 -0.0958854 -0.0841656 -0.0862706 -0.1064082 -0.0975029 -0.0885986 -0.0453851 
-0.0887903 -0.0752776 -0.1236647 -0.1131586 -0.0887770 -0.1038692 -0.1223760 -0.0833397 -0.0574667 
-0.0769417 -0.1042350 -0.0995093 -0.1227688 -0.0816877 -0.1069480 -0.0927838 -0.1314878 -0.0677907 
-0.0935321 -0.1183128 -0.0819527 -0.0964483 -0.1033140 -0.0654137 -0.1530085 -0.1390950 -0.1244373 
-0.0884826 -0.1199065 -0.0748751 -0.1027770 -0.1549467 -0.0930950 -0.1191952 -0.1401760 -0.1294661 
-0.1082853 -0.1283155 -0.1169451 -0.1226228 -0.1133614 -0.1288972 -0.1668987 -0.1436023 -0.1252216 
-0.0882419 -0.1046854 -0.1455209 -0.1952332 -0.1928945 -0.1871066 -0.1547975 -0.1496987 -0.0741138 
-0.0665533 -0.0589228 -0.1282365 -0.1464219 -0.1554371 -0.1451324 -0.1390139 -0.0823178 -0.0304949 
-0.0452976 -0.0457677 -0.0821193 -0.1150660 -0.1090570 -0.1275175 -0.0841834 -0.0935251 -0.0673197 

symmetry 2
whiteWin 0.481956
whiteLoss 0.518044
noResult 0.000000
whiteLead 0.986
whiteScoreSelfplay -0.028
whiteScoreSelfplaySq 337.983
varTimeLeft 22.858
shorttermWinlossError 0.113
shorttermScoreError 1.113
policy
0.000006 0.000006 0.000006 0.000009 0.000010 0.000009 0.000006 0.000006 0.000005 
0.000006 0.000006 0.000014 0.000053 0.000107 0.000043 0.000013 0.000007 0.000005 
0.000006 0.000012 0.000959 0.024468 0.018886 0.022742 0.000913 0.000014 0.000005 
0.000009 0.000044 0.022108 0.106052 0.062003 0.117803 0.022454 0.000057 0.000008 
0.000010 0.000091 0.018166 0.065874 0.029653 0.068691 0.017609 0.000112 0.000008 
0.000009 0.000042 0.025712 0.115953 0.062123 0.111705 0.019319 0.000053 0.000008 
0.000006 0.000011 0.000956 0.020340 0.018584 0.024657 0.001028 0.000016 0.000005 
0.000005 0.000006 0.000014 0.000061 0.000126 0.000064 0.000015 0.000007 0.000005 
0.000005 0.000006 0.000006 0.000010 0.000011 0.000010 0.000007 0.000006 0.000005 
policyPass 0.000031 
whiteOwnership
-0.0673198 -0.0935251 -0.0841835 -0.1275177 -0.1090572 -0.1150662 -0.0821197 -0.0457676 -0.0452975 
-0.0304950 -0.0823174 -0.1390139 -0.1451325 -0.1554372 -0.1464220 -0.1282365 -0.0589228 -0.0665531 
-0.0741138 -0.1496988 -0.1547977 -0.1871068 -0.1928948 -0.1952333 -0.1455209 -0.1046852 -0.0882418 
-0.1252218 -0.1436022 -0.1668987 -0.1288978 -0.1133618 -0.1226230 -0.1169452 -0.1283155 -0.1082854 
-0.1294662 -0.1401761 -0.1191954 -0.0930952 -0.1549472 -0.1027771 -0.0748753 -0.1199064 -0.0884826 
-0.1244374 -0.1390952 -0.1530083 -0.0654136 -0.1033140 -0.0964484 -0.0819527 -0.1183128 -0.0935320 
-0.0677906 -0.1314878 -0.0927838 -0.1069483 -0.0816878 -0.1227689 -0.0995095 -0.1042351 -0.0769419 
-0.0574666 -0.0833397 -0.1223759 -0.1038693 -0.0887771 -0.1131588 -0.1236650 -0.0752774 -0.0887904 
-0.0453849 -0.0885986 -0.0975027 -0.1064080 -0.0862706 -0.0841654 -0.0958851 -0.0783905 -0.1175458 

symmetry 3
whiteWin 0.481956
whiteLoss 0.518044
noResult 0.000000
whiteLead 0.986
whiteScoreSelfplay -0.028
whiteScoreSelfplaySq 337.983
varTimeLeft 22.858
shorttermWinlossError 0.113
shorttermScoreError 1.113
policy
0.000005 0.000006 0.000006 0.000010 0.000011 0.000010 0.000007 0.000006 0.000005 
0.000005 0.000006 0.000014 0.000061 0.000126 0.000064 0.000015 0.000007 0.000005 
0.000006 0.000011 0.000956 0.020340 0.018584 0.024657 0.001028 0.000016 0.000005 
0.000009 0.000042 0.025712 0.115953 0.062123 0.111705 0.019319 0.000053 0.000008 
0.000010 0.000091 0.018166 0.065874 0.029653 0.068691 0.017609 0.000112 0.000008 
0.000009 0.000044 0.022108 0.106052 0.062003 0.117802 0.022454 0.000057 0.000008 
0.000006 0.000012 0.000959 0.024468 0.018886 0.022742 0.000913 0.000014 0.000005 
0.000006 0.000006 0.000014 0.000053 0.000107 0.000043 0.000013 0.000007 0.000005 
0.000006 0.000006 0.000006 0.000009 0.000010 0.000009 0.000006 0.000006 0.000005 
policyPass 0.000031 
whiteOwnership
-0.0453847 -0.0885984 -0.0975026 -0.1064078 -0.0862705 -0.0841655 -0.0958849 -0.0783905 -0.1175460 
-0.0574666 -0.0833396 -0.1223759 -0.1038689 -0.0887768 -0.1131587 -0.1236646 -0.0752776 -0.0887905 
-0.0677906 -0.1314877 -0.0927839 -0.1069481 -0.0816876 -0.1227688 -0.0995093 -0.1042351 -0.0769418 
-0.1244373 -0.1390952 -0.1530082 -0.0654136 -0.1033140 -0.0964483 -0.0819526 -0.1183131 -0.0935322 
-0.1294661 -0.1401760 -0.1191951 -0.0930951 -0.1549468 -0.1027769 -0.0748751 -0.1199068 -0.0884827 
-0.1252217 -0.1436022 -0.1668987 -0.1288973 -0.1133614 -0.1226228 -0.1169449 -0.1283157 -0.1082854 
-0.0741139 -0.1496989 -0.1547976 -0.1871068 -0.1928947 -0.1952331 -0.1455207 -0.1046855 -0.0882420 
-0.0304949 -0.0823178 -0.1390138 -0.1451325 -0.1554370 -0.1464218 -0.1282364 -0.0589223 -0.0665530 
-0.0673199 -0.0935253 -0.0841834 -0.1275177 -0.1090571 -0.1150663 -0.0821195 -0.0457676 -0.0452979 

symmetry 4
whiteWin 0.481956
whiteLoss 0.518044
noResult 0.000000
whiteLead 0.986
whiteScoreSelfplay -0.028
whiteScoreSelfplaySq 337.983
varTimeLeft 22.858
shorttermWinlossError 0.113
shorttermScoreError 1.113
policy
0.000005 0.000005 0.000005 0.000008 0.000008 0.000008 0.000005 0.000005 0.000005 
0.000006 0.000007 0.000014 0.000057 0.000112 0.000053 0.000016 0.000007 0.000006 
0.000006 0.000013 0.000913 0.022454 0.017609 0.019319 0.001028 0.000015 0.000007 
0.000009 0.000043 0.022742 0.117802 0.068691 0.111705 0.024657 0.000064 0.000010 
0.000010 0.000107 0.018886 0.062004 0.029653 0.062123 0.018584 0.000126 0.000011 
0.000009 0.000053 0.024468 0.106052 0.065874 0.115952 0.020340 0.000061 0.000010 
0.000006 0.000014 0.000959 0.022108 0.018166 0.025712 0.000956 0.000014 0.000006 
0.000006 0.000006 0.000012 0.000044 0.000091 0.000042 0.000011 0.000006 0.000006 
0.000006 0.000006 0.000006 0.000009 0.000010 0.000009 0.000006 0.000005 0.000005 
policyPass 0.000031 
whiteOwnership
-0.0452978 -0.0665532 -0.0882419 -0.1082855 -0.0884825 -0.0935318 -0.0769415 -0.0887902 -0.1175457 
-0.0457676 -0.0589229 -0.1046853 -0.1283154 -0.1199064 -0.1183127 -0.1042348 -0.0752773 -0.0783906 
-0.0821195 -0.1282364 -0.1455209 -0.1169452 -0.0748749 -0.0819526 -0.0995093 -0.1236645 -0.0958851 
-0.1150661 -0.1464218 -0.1952332 -0.1226228 -0.1027768 -0.0964483 -0.1227686 -0.1131588 -0.0841654 
-0.1090571 -0.1554370 -0.1928946 -0.1133615 -0.1549467 -0.1033137 -0.0816874 -0.0887768 -0.0862705 
-0.1275175 -0.1451324 -0.1871066 -0.1288970 -0.0930948 -0.0654135 -0.1069479 -0.1038689 -0.1064079 
-0.0841834 -0.1390138 -0.1547976 -0.1668985 -0.1191952 -0.1530083 -0.0927836 -0.1223757 -0.0975026 
-0.0935252 -0.0823176 -0.1496989 -0.1436024 -0.1401761 -0.1390951 -0.1314877 -0.0833392 -0.0885985 
-0.0673199 -0.0304949 -0.0741137 -0.1252217 -0.1294660 -0.1244373 -0.0677905 -0.0574666 -0.0453846 

symmetry 5
whiteWin 0.481956
whiteLoss 0.518044
noResult 0.000000
whiteLead 0.986
whiteScoreSelfplay -0.028
whiteScoreSelfplaySq 337.983
varTimeLeft 22.858
shorttermWinlossError 0.113
shorttermScoreError 1.113
policy
0.000006 0.000006 0.000006 0.000009 0.000010 0.000009 0.000006 0.000005 0.000005 
0.000006 0.000006 0.000012 0.000044 0.000091 0.000042 0.000011 0.000006 0.000006 
0.000006 0.000014 0.000959 0.022108 0.018166 0.025712 0.000956 0.000014 0.000006 
0.000009 0.000053 0.024468 0.106052 0.065874 0.115953 0.020340 0.000061 0.000010 
0.000010 0.000107 0.018886 0.062003 0.029653 0.062123 0.018584 0.000126 0.000011 
0.000009 0.000043 0.022742 0.117802 0.068691 0.111705 0.024657 0.000064 0.000010 
0.000006 0.000013 0.000913 0.022454 0.017609 0.019319 0.001028 0.000015 0.000007 
0.000006 0.000007 0.000014 0.000057 0.000112 0.000053 0.000016 0.000007 0.000006 
0.000005 0.000005 0.000005 0.000008 0.000008 0.000008 0.000005 0.000005 0.000005 
policyPass 0.000031 
whiteOwnership
-0.0673198 -0.0304950 -0.0741138 -0.1252218 -0.1294662 -0.1244374 -0.0677906 -0.0574666 -0.0453849 
-0.0935251 -0.0823174 -0.1496988 -0.1436022 -0.1401761 -0.1390952 -0.1314878 -0.0833397 -0.0885986 
-0.0841835 -0.1390139 -0.1547977 -0.1668987 -0.1191954 -0.1530083 -0.0927838 -0.1223759 -0.0975027 
-0.1275177 -0.1451325 -0.1871068 -0.1288978 -0.0930952 -0.0654136 -0.1069483 -0.1038693 -0.1064080 
-0.1090572 -0.1554372 -0.1928948 -0.1133618 -0.1549472 -0.1033140 -0.0816878 -0.0887771 -0.0862706 
-0.1150662 -0.1464220 -0.1952333 -0.1226230 -0.1027771 -0.0964484 -0.1227689 -0.1131588 -0.0841654 
-0.0821197 -0.1282365 -0.1455209 -0.1169452 -0.0748753 -0.0819527 -0.0995095 -0.1236650 -0.0958851 
-0.0457676 -0.0589228 -0.1046852 -0.1283155 -0.1199064 -0.1183128 -0.1042351 -0.0752774 -0.0783905 
-0.0452975 -0.0665531 -0.0882418 -0.1082854 -0.0884826 -0.0935320 -0.0769419 -0.0887904 -0.1175458 

symmetry 6
whiteWin 0.481956
whiteLoss 0.518044
noResult 0.000000
whiteLead 0.986
whiteScoreSelfplay -0.028
whiteScoreSelfplaySq 337.983
varTimeLeft 22.858
shorttermWinlossError 0.113
shorttermScoreError 1.113
policy
0.000005 0.000005 0.000005 0.000008 0.000008 0.000008 0.000005 0.000005 0.000005 
0.000006 0.000007 0.000016 0.000053 0.000112 0.000057 0.000014 0.000007 0.000006 
0.000007 0.000015 0.001028 0.019319 0.017609 0.022454 0.000913 0.000013 0.000006 
0.000010 0.000064 0.024657 0.111705 0.068691 0.117802 0.022742 0.000043 0.000009 
0.000011 0.000126 0.018584 0.062123 0.029653 0.062003 0.018886 0.000107 0.000010 
0.000010 0.000061 0.020340 0.115953 0.065874 0.106052 0.024468 0.000053 0.000009 
0.000006 0.000014 0.000956 0.025712 0.018166 0.022108 0.000959 0.000014 0.000006 
0.000006 0.000006 0.000011 0.000042 0.000091 0.000044 0.000012 0.000006 0.000006 
0.000005 0.000005 0.000006 0.000009 0.000010 0.000009 0.000006 0.000006 0.000006 
policyPass 0.000031 
whiteOwnership
-0.1175460 -0.0887903 -0.0769417 -0.0935321 -0.0884826 -0.1082853 -0.0882419 -0.0665533 -0.0452976 
-0.0783906 -0.0752776 -0.1042350 -0.1183128 -0.1199065 -0.1283155 -0.1046854 -0.0589228 -0.0457677 
-0.0958854 -0.1236647 -0.0995093 -0.0819527 -0.0748751 -0.1169451 -0.1455209 -0.1282365 -0.0821193 
-0.0841656 -0.1131586 -0.1227688 -0.0964483 -0.1027770 -0.1226228 -0.1952332 -0.1464219 -0.1150660 
-0.0862706 -0.0887770 -0.0816877 -0.1033140 -0.1549467 -0.1133614 -0.1928945 -0.1554371 -0.1090570 
-0.1064082 -0.1038692 -0.1069480 -0.0654137 -0.0930950 -0.1288972 -0.1871066 -0.1451324 -0.1275175 
-0.0975029 -0.1223760 -0.0927838 -0.1530085 -0.1191952 -0.1668987 -0.1547975 -0.1390139 -0.0841834 
-0.0885986 -0.0833397 -0.1314878 -0.1390950 -0.1401760 -0.1436023 -0.1496987 -0.0823178 -0.0935251 
-0.0453851 -0.0574667 -0.0677907 -0.1244373 -0.1294661 -0.1252216 -0.0741138 -0.0304949 -0.0673197 

symmetry 7
whiteWin 0.481956
whiteLoss 0.518044
noResult 0.000000
whiteLead 0.986
whiteScoreSelfplay -0.028
whiteScoreSelfplaySq 337.983
varTimeLeft 22.858
shorttermWinlossError 0.113
shorttermScoreError 1.113
policy
0.000005 0.000005 0.000006 0.000009 0.000010 0.000009 0.000006 0.000006 0.000006 
0.000006 0.000006 0.000011 0.000042 0.000091 0.000044 0.000012 0.000006 0.000006 
0.000006 0.000014 0.000956 0.025712 0.018166 0.022108 0.000959 0.000014 0.000006 
0.000010 0.000061 0.020340 0.115953 0.065874 0.106052 0.024468 0.000053 0.000009 
0.000011 0.000126 0.018584 0.062123 0.029653 0.062003 0.018886 0.000107 0.000010 
0.000010 0.000064 0.024657 0.111705 0.068691 0.117802 0.022742 0.000043 0.000009 
0.000007 0.000015 0.001028 0.019319 0.017609 0.022454 0.000913 0.000013 0.000006 
0.000006 0.000007 0.000016 0.000053 0.000112 0.000057 0.000014 0.000007 0.000006 
0.000005 0.000005 0.000005 0.000008 0.000008 0.000008 0.000005 0.000005 0.000005 
policyPass 0.000031 
whiteOwnership
-0.0453847 -0.0574666 -0.0677906 -0.1244373 -0.1294661 -0.1252217 -0.0741139 -0.0304949 -0.0673199 
-0.0885984 -0.0833396 -0.1314877 -0.1390952 -0.1401760 -0.1436022 -0.1496989 -0.0823178 -0.0935253 
-0.0975026 -0.1223759 -0.0927839 -0.1530082 -0.1191951 -0.1668987 -0.1547976 -0.1390138 -0.0841834 
-0.1064078 -0.1038689 -0.1069481 -0.0654136 -0.0930951 -0.1288973 -0.1871068 -0.1451325 -0.1275177 
-0.0862705 -0.0887768 -0.0816876 -0.1033140 -0.1549468 -0.1133614 -0.1928947 -0.1554370 -0.1090571 
-0.0841655 -0.1131587 -0.1227688 -0.0964483 -0.1027769 -0.1226228 -0.1952331 -0.1464218 -0.1150663 
-0.0958849 -0.1236646 -0.0995093 -0.0819526 -0.0748751 -0.1169449 -0.1455207 -0.1282364 -0.0821195 
-0.0783905 -0.0752776 -0.1042351 -0.1183131 -0.1199068 -0.1283157 -0.1046855 -0.0589223 -0.0457676 
-0.1175460 -0.0887905 -0.0769418 -0.0935322 -0.0884827 -0.1082854 -0.0882420 -0.0665530 -0.0452979

= 

= symmetry 0
whiteWin 0.537010
whiteLoss 0.462990
noResult 0.000000
whiteLead 1.394
whiteScoreSelfplay 1.301
whiteScoreSelfplaySq 396.367
varTimeLeft 24.488
shorttermWinlossError 0.117
shorttermScoreError 1.049
policy
0.000004 0.000004 0.000005 0.000006 0.000007 0.000007 0.000005 0.000005 0.000004 
0.000004 0.000007 0.000014 0.000027 0.000048 0.000035 0.000014 0.000008 0.000005 
0.000004 0.000017 0.000442 0.015068 0.017282 0.022945 0.000310 0.000013 0.000004 
0.000006 0.000058 0.015306 0.136972 0.076589 0.403334 0.018456 0.000026 0.000006 
0.000007 0.000085 0.001840 0.013495 0.007231 0.061020 0.014721 0.000040 0.000006 
0.000007 0.000074 0.001761     NAN 0.013247 0.141166 0.015707 0.000027 0.000006 
0.000005 0.000025 0.000477 0.002098 0.002082 0.016875 0.000610 0.000011 0.000004 
0.000005 0.000008 0.000021 0.000067 0.000074 0.000060 0.000013 0.000005 0.000004 
0.000004 0.000005 0.000006 0.000009 0.000008 0.000008 0.000005 0.000004 0.000004 
policyPass 0.000014 
whiteOwnership
-0.0705625 -0.0740236 -0.0647102 -0.0299162 -0.0333298 -0.0053470 -0.0324133 -0.0054535 -0.0283757 
-0.0469279 -0.1166654 -0.0917208 -0.0456228 -0.0642799 -0.0125712 -0.0250913 -0.0399810 -0.0254084 
-0.0616943 -0.1368954 -0.1084123 -0.0063780 0.0014643 0.0526231 -0.0314001 0.0036744 0.0071380 
-0.0887295 -0.1460146 -0.1223397 0.0051187 -0.0507673 0.0864975 0.0736816 0.0341815 0.0459189 
-0.1441966 -0.1966700 -0.2169463 -0.1911763 -0.1235385 -0.0961952 -0.0318386 -0.0174831 0.0105207 
-0.1676260 -0.1669636 -0.2911037 -0.7047080 -0.2638647 -0.1241171 -0.0874995 -0.0476146 0.0005032 
-0.1920508 -0.1857943 -0.2550952 -0.2588826 -0.2702506 -0.1584188 -0.1514533 -0.0718523 -0.0251088 
-0.1746862 -0.2102911 -0.1832883 -0.1412828 -0.1456474 -0.1213520 -0.1425878 -0.1342156 -0.0480479 
-0.1794480 -0.1949743 -0.2008720 -0.1795078 -0.1663332 -0.1081256 -0.1026478 -0.0588701 -0.0994932 

symmetry 1
whiteWin 0.538691
whiteLoss 0.461309
noResult 0.000000
whiteLead 1.542
whiteScoreSelfplay 1.645
whiteScoreSelfplaySq 397.927
varTimeLeft 24.352
shorttermWinlossError 0.118
shorttermScoreError 1.050
policy
0.000004 0.000005 0.000006 0.000008 0.000008 0.000008 0.000005 0.000005 0.000004 
0.000005 0.000007 0.000014 0.000037 0.000048 0.000034 0.000013 0.000006 0.000005 
0.000005 0.000018 0.000532 0.014570 0.016023 0.017448 0.000372 0.000012 0.000005 
0.000007 0.000071 0.021618 0.152844 0.052520 0.361535 0.019661 0.000029 0.000007 
0.000008 0.000085 0.002256 0.017981 0.009709 0.075190 0.014900 0.000046 0.000008 
0.000008 0.000056 0.001653     NAN 0.018119 0.156656 0.018495 0.000030 0.000008 
0.000006 0.000028 0.000374 0.002212 0.002105 0.021695 0.000517 0.000016 0.000005 
0.000005 0.000012 0.000024 0.000057 0.000078 0.000056 0.000018 0.000009 0.000006 
0.000005 0.000006 0.000006 0.000008 0.000008 0.000008 0.000005 0.000006 0.000005 
policyPass 0.000016 
whiteOwnership
-0.0467691 -0.0666053 -0.0445749 -0.0225109 -0.0315804 -0.0086798 -0.0341132 -0.0167368 -0.0738993 
-0.0456905 -0.0884170 -0.0677021 -0.0366167 -0.0452329 -0.0480593 -0.0766314 -0.0823301 -0.0276321 
-0.0824103 -0.0969259 -0.0768758 -0.0125215 -0.0713699 -0.0571685 -0.0859364 -0.0131351 -0.0004144 
-0.0994635 -0.0855121 -0.0176433 0.0089782 -0.0593907 0.0254731 0.0038637 -0.0043011 0.0210349 
-0.1592898 -0.1486316 -0.2051737 -0.1972562 -0.1827181 -0.0858126 -0.0254211 -0.0168828 0.0084101 
-0.1551696 -0.1684720 -0.2573653 -0.6665428 -0.1776458 -0.0197012 -0.0063509 0.0009034 0.0223604 
-0.1961011 -0.2576317 -0.2757921 -0.2363091 -0.2373824 -0.0682971 -0.1078615 -0.0487965 -0.0281134 
-0.1863417 -0.2535027 -0.2529951 -0.2087313 -0.1864937 -0.1181925 -0.0949256 -0.0801462 -0.0641154 
-0.1949701 -0.1800167 -0.1693020 -0.1499069 -0.1264621 -0.0787616 -0.0828972 -0.0404134 -0.0615905 

symmetry 2
whiteWin 0.541352
whiteLoss 0.458648
noResult 0.000000
whiteLead 1.318
whiteScoreSelfplay 1.345
whiteScoreSelfplaySq 397.617
varTimeLeft 23.834
shorttermWinlossError 0.116
shorttermScoreError 1.026
policy
0.000004 0.000005 0.000004 0.000006 0.000006 0.000006 0.000004 0.000004 0.000003 
0.000005 0.000007 0.000014 0.000034 0.000050 0.000031 0.000013 0.000007 0.000003 
0.000004 0.000013 0.000364 0.013630 0.016504 0.025016 0.000484 0.000017 0.000004 
0.000006 0.000042 0.021461 0.153423 0.048504 0.385640 0.018246 0.000046 0.000006 
0.000006 0.000055 0.002242 0.012948 0.006872 0.067982 0.016758 0.000075 0.000006 
0.000006 0.000058 0.001467     NAN 0.015686 0.141548 0.017250 0.000050 0.000005 
0.000005 0.000022 0.000466 0.002209 0.002803 0.026946 0.000579 0.000016 0.000004 
0.000004 0.000007 0.000022 0.000063 0.000072 0.000063 0.000013 0.000006 0.000004 
0.000004 0.000004 0.000005 0.000008 0.000008 0.000008 0.000005 0.000004 0.000003 
policyPass 0.000016 
whiteOwnership
-0.0518805 -0.0312710 -0.0539728 -0.0258007 -0.0400177 -0.0244699 -0.0544401 -0.0625195 -0.0510538 
-0.0544595 -0.0642873 -0.0528346 -0.0360080 -0.0663526 -0.0269739 -0.0628035 -0.0932918 -0.0217482 
-0.0419191 -0.0540609 -0.0879430 -0.0606801 -0.0394068 0.0433116 -0.0561015 -0.0658302 -0.0033822 
-0.0390695 -0.0626300 -0.0604369 -0.0661651 -0.0701253 0.1058209 0.0033346 -0.0446956 0.0191060 
-0.1206170 -0.1687885 -0.2531146 -0.2902491 -0.1662064 -0.0400729 -0.0444259 -0.0568820 -0.0171671 
-0.1564207 -0.2157273 -0.3496702 -0.7700378 -0.2362024 0.0107451 -0.0547514 -0.0584642 -0.0094252 
-0.1811542 -0.2199563 -0.3026808 -0.2958371 -0.2331537 -0.0462773 -0.0953914 -0.0772217 -0.0366388 
-0.1765046 -0.2648366 -0.2613305 -0.1455608 -0.1444610 -0.0986674 -0.1027612 -0.0975076 -0.0279075 
-0.2265120 -0.1820045 -0.2158193 -0.1681377 -0.1757407 -0.1266873 -0.0829646 -0.0788891 -0.0421076 

symmetry 3
whiteWin 0.542075
whiteLoss 0.457925
noResult 0.000000
whiteLead 1.413
whiteScoreSelfplay 1.329
whiteScoreSelfplaySq 402.307
varTimeLeft 24.347
shorttermWinlossError 0.116
shorttermScoreError 1.020
policy
0.000004 0.000005 0.000005 0.000007 0.000008 0.000008 0.000005 0.000005 0.000004 
0.000005 0.000006 0.000014 0.000038 0.000052 0.000041 0.000014 0.000007 0.000004 
0.000005 0.000014 0.000695 0.013810 0.014280 0.019796 0.000535 0.000017 0.000004 
0.000007 0.000058 0.018859 0.146710 0.050770 0.350077 0.022345 0.000057 0.000006 
0.000007 0.000083 0.002913 0.019687 0.007371 0.080338 0.017713 0.000085 0.000007 
0.000008 0.000062 0.002034     NAN 0.018081 0.166076 0.014642 0.000050 0.000007 
0.000005 0.000021 0.000355 0.002070 0.002964 0.026219 0.000530 0.000020 0.000004 
0.000005 0.000010 0.000025 0.000081 0.000090 0.000061 0.000017 0.000008 0.000004 
0.000004 0.000006 0.000006 0.000008 0.000008 0.000007 0.000005 0.000005 0.000004 
policyPass 0.000018 
whiteOwnership
-0.0986520 -0.0403706 -0.0609133 -0.0319951 -0.0509092 -0.0261058 -0.0217164 -0.0383928 -0.0231742 
-0.0629891 -0.1386980 -0.1313548 -0.0829925 -0.0743097 -0.0483389 -0.0581435 -0.0658879 -0.0064772 
-0.0641366 -0.1128669 -0.1674436 -0.1458634 -0.1059054 -0.0050251 -0.0476247 -0.0520578 -0.0232848 
-0.0878123 -0.1380973 -0.1468563 -0.0846801 -0.0753877 0.0613732 -0.0272254 -0.0472187 -0.0120294 
-0.1548346 -0.2025681 -0.3123378 -0.3162570 -0.1495106 -0.0129022 -0.0513499 -0.0610756 -0.0298165 
-0.1508957 -0.2068704 -0.3103121 -0.7245669 -0.1914222 0.0384079 -0.0500214 -0.0692012 0.0035381 
-0.1701924 -0.2395142 -0.2764790 -0.3010263 -0.2669209 -0.0638524 -0.1286540 -0.1058845 -0.0246225 
-0.1651949 -0.2205054 -0.2512955 -0.2147228 -0.2303525 -0.1457601 -0.1410557 -0.1378900 -0.0476738 
-0.1499382 -0.1330783 -0.1678103 -0.1609532 -0.1530972 -0.1169215 -0.1081506 -0.0948059 -0.0808691 

symmetry 4
whiteWin 0.542075
whiteLoss 0.457925
noResult 0.000000
whiteLead 1.413
whiteScoreSelfplay 1.329
whiteScoreSelfplaySq 402.307
varTimeLeft 24.347
shorttermWinlossError 0.116
shorttermScoreError 1.020
policy
0.000004 0.000004 0.000004 0.000007 0.000007 0.000006 0.000004 0.000004 0.000004 
0.000005 0.000008 0.000020 0.000050 0.000085 0.000057 0.000017 0.000007 0.000005 
0.000005 0.000017 0.000530 0.014642 0.017713 0.022345 0.000535 0.000014 0.000005 
0.000007 0.000061 0.026219 0.166075 0.080338 0.350077 0.019796 0.000041 0.000008 
0.000008 0.000090 0.002964 0.018081 0.007372 0.050770 0.014280 0.000052 0.000008 
0.000008 0.000081 0.002070     NAN 0.019687 0.146711 0.013810 0.000038 0.000007 
0.000006 0.000025 0.000355 0.002034 0.002913 0.018859 0.000695 0.000014 0.000005 
0.000006 0.000010 0.000021 0.000062 0.000083 0.000058 0.000014 0.000006 0.000005 
0.000004 0.000005 0.000005 0.000008 0.000007 0.000007 0.000005 0.000005 0.000004 
policyPass 0.000018 
whiteOwnership
-0.0808692 -0.0476740 -0.0246229 0.0035377 -0.0298168 -0.0120295 -0.0232851 -0.0064773 -0.0231741 
-0.0948057 -0.1378897 -0.1058846 -0.0692016 -0.0610761 -0.0472190 -0.0520582 -0.0658882 -0.0383930 
-0.1081504 -0.1410556 -0.1286541 -0.0500216 -0.0513501 -0.0272256 -0.0476247 -0.0581435 -0.0217163 
-0.1169215 -0.1457599 -0.0638528 0.0384077 -0.0129027 0.0613732 -0.0050254 -0.0483391 -0.0261056 
-0.1530969 -0.2303522 -0.2669209 -0.1914221 -0.1495106 -0.0753878 -0.1059052 -0.0743095 -0.0509093 
-0.1609529 -0.2147226 -0.3010258 -0.7245671 -0.3162568 -0.0846795 -0.1458632 -0.0829926 -0.0319952 
-0.1678101 -0.2512951 -0.2764789 -0.3103120 -0.3123374 -0.1468560 -0.1674436 -0.1313545 -0.0609131 
-0.1330778 -0.2205048 -0.2395137 -0.2068700 -0.2025681 -0.1380972 -0.1128670 -0.1386975 -0.0403704 
-0.1499379 -0.1651946 -0.1701919 -0.1508954 -0.1548344 -0.0878123 -0.0641367 -0.0629892 -0.0986518 

symmetry 5
whiteWin 0.538691
whiteLoss 0.461309
noResult 0.000000
whiteLead 1.542
whiteScoreSelfplay 1.645
whiteScoreSelfplaySq 397.927
varTimeLeft 24.352
shorttermWinlossError 0.118
shorttermScoreError 1.050
policy
0.000005 0.000006 0.000005 0.000008 0.000008 0.000007 0.000005 0.000005 0.000004 
0.000006 0.000009 0.000016 0.000030 0.000046 0.000029 0.000012 0.000006 0.000005 
0.000005 0.000018 0.000517 0.018495 0.014900 0.019661 0.000372 0.000013 0.000005 
0.000008 0.000056 0.021695 0.156657 0.075191 0.361534 0.017448 0.000034 0.000008 
0.000008 0.000078 0.002105 0.018119 0.009709 0.052520 0.016023 0.000048 0.000008 
0.000008 0.000057 0.002212     NAN 0.017981 0.152844 0.014570 0.000037 0.000008 
0.000006 0.000024 0.000374 0.001653 0.002256 0.021618 0.000532 0.000014 0.000006 
0.000006 0.000012 0.000028 0.000056 0.000085 0.000071 0.000018 0.000007 0.000005 
0.000005 0.000005 0.000006 0.000008 0.000008 0.000007 0.000005 0.000005 0.000004 
policyPass 0.000016 
whiteOwnership
-0.0615907 -0.0641159 -0.0281139 0.0223601 0.0084097 0.0210344 -0.0004148 -0.0276326 -0.0738994 
-0.0404135 -0.0801463 -0.0487967 0.0009033 -0.0168830 -0.0043012 -0.0131355 -0.0823304 -0.0167370 
-0.0828972 -0.0949255 -0.1078618 -0.0063512 -0.0254215 0.0038633 -0.0859367 -0.0766318 -0.0341134 
-0.0787614 -0.1181922 -0.0682968 -0.0197005 -0.0858128 0.0254729 -0.0571689 -0.0480592 -0.0086794 
-0.1264620 -0.1864935 -0.2373823 -0.1776455 -0.1827183 -0.0593906 -0.0713698 -0.0452329 -0.0315799 
-0.1499063 -0.2087307 -0.2363086 -0.6665428 -0.1972563 0.0089783 -0.0125217 -0.0366167 -0.0225111 
-0.1693016 -0.2529944 -0.2757919 -0.2573651 -0.2051740 -0.0176430 -0.0768754 -0.0677021 -0.0445752 
-0.1800160 -0.2535022 -0.2576311 -0.1684715 -0.1486313 -0.0855118 -0.0969257 -0.0884169 -0.0666057 
-0.1949697 -0.1863411 -0.1961011 -0.1551694 -0.1592897 -0.0994633 -0.0824104 -0.0456904 -0.0467692 

symmetry 6
whiteWin 0.541352
whiteLoss 0.458648
noResult 0.000000
whiteLead 1.318
whiteScoreSelfplay 1.345
whiteScoreSelfplaySq 397.617
varTimeLeft 23.834
shorttermWinlossError 0.116
shorttermScoreError 1.026
policy
0.000003 0.000004 0.000004 0.000005 0.000006 0.000006 0.000004 0.000003 0.000003 
0.000004 0.000006 0.000016 0.000050 0.000075 0.000046 0.000017 0.000007 0.000004 
0.000005 0.000013 0.000579 0.017250 0.016758 0.018246 0.000484 0.000013 0.000004 
0.000008 0.000063 0.026946 0.141548 0.067981 0.385640 0.025016 0.000031 0.000006 
0.000008 0.000072 0.002803 0.015686 0.006872 0.048504 0.016504 0.000050 0.000006 
0.000008 0.000063 0.002209     NAN 0.012948 0.153422 0.013630 0.000034 0.000006 
0.000005 0.000022 0.000466 0.001467 0.002242 0.021461 0.000364 0.000014 0.000004 
0.000004 0.000007 0.000022 0.000058 0.000055 0.000042 0.000013 0.000007 0.000005 
0.000004 0.000004 0.000005 0.000006 0.000006 0.000006 0.000004 0.000005 0.000004 
policyPass 0.000016 
whiteOwnership
-0.0421076 -0.0279073 -0.0366384 -0.0094252 -0.0171670 0.0191060 -0.0033821 -0.0217479 -0.0510534 
-0.0788887 -0.0975075 -0.0772213 -0.0584642 -0.0568820 -0.0446958 -0.0658300 -0.0932917 -0.0625192 
-0.0829644 -0.1027609 -0.0953913 -0.0547515 -0.0444262 0.0033343 -0.0561016 -0.0628034 -0.0544399 
-0.1266873 -0.0986674 -0.0462774 0.0107448 -0.0400728 0.1058205 0.0433113 -0.0269738 -0.0244700 
-0.1757405 -0.1444609 -0.2331535 -0.2362022 -0.1662060 -0.0701252 -0.0394070 -0.0663524 -0.0400175 
-0.1681373 -0.1455608 -0.2958367 -0.7700379 -0.2902488 -0.0661657 -0.0606802 -0.0360079 -0.0258007 
-0.2158191 -0.2613302 -0.3026806 -0.3496698 -0.2531145 -0.0604368 -0.0879429 -0.0528344 -0.0539729 
-0.1820043 -0.2648367 -0.2199562 -0.2157266 -0.1687881 -0.0626296 -0.0540609 -0.0642870 -0.0312709 
-0.2265119 -0.1765041 -0.1811544 -0.1564205 -0.1206170 -0.0390692 -0.0419189 -0.0544595 -0.0518806 

symmetry 7
whiteWin 0.537010
whiteLoss 0.462990
noResult 0.000000
whiteLead 1.394
whiteScoreSelfplay 1.301
whiteScoreSelfplaySq 396.367
varTimeLeft 24.488
shorttermWinlossError 0.117
shorttermScoreError 1.049
policy
0.000004 0.000004 0.000004 0.000006 0.000006 0.000006 0.000004 0.000005 0.000004 
0.000004 0.000005 0.000011 0.000027 0.000040 0.000026 0.000013 0.000008 0.000005 
0.000005 0.000013 0.000610 0.015707 0.014721 0.018456 0.000310 0.000014 0.000005 
0.000008 0.000060 0.016875 0.141167 0.061020 0.403334 0.022945 0.000035 0.000007 
0.000008 0.000074 0.002082 0.013247 0.007231 0.076589 0.017282 0.000048 0.000007 
0.000009 0.000067 0.002098     NAN 0.013495 0.136972 0.015068 0.000027 0.000006 
0.000006 0.000021 0.000477 0.001761 0.001840 0.015306 0.000442 0.000014 0.000005 
0.000005 0.000008 0.000025 0.000074 0.000085 0.000058 0.000017 0.000007 0.000004 
0.000004 0.000005 0.000005 0.000007 0.000007 0.000006 0.000004 0.000004 0.000004 
policyPass 0.000014 
whiteOwnership
-0.0994929 -0.0480478 -0.0251087 0.0005033 0.0105206 0.0459187 0.0071379 -0.0254081 -0.0283755 
-0.0588696 -0.1342154 -0.0718524 -0.0476146 -0.0174836 0.0341817 0.0036744 -0.0399808 -0.0054532 
-0.1026474 -0.1425879 -0.1514535 -0.0874995 -0.0318388 0.0736815 -0.0314001 -0.0250914 -0.0324133 
-0.1081250 -0.1213519 -0.1584190 -0.1241173 -0.0961959 0.0864972 0.0526226 -0.0125720 -0.0053471 
-0.1663328 -0.1456474 -0.2702506 -0.2638648 -0.1235392 -0.0507676 0.0014640 -0.0642803 -0.0333299 
-0.1795072 -0.1412825 -0.2588825 -0.7047083 -0.1911767 0.0051189 -0.0063781 -0.0456229 -0.0299162 
-0.2008717 -0.1832881 -0.2550952 -0.2911032 -0.2169466 -0.1223396 -0.1084126 -0.0917209 -0.0647101 
-0.1949743 -0.2102911 -0.1857944 -0.1669635 -0.1966699 -0.1460146 -0.1368954 -0.1166647 -0.0740231 
-0.1794481 -0.1746862 -0.1920508 -0.1676260 -0.1441965 -0.0887296 -0.0616945 -0.0469276 -0.0705626

= 
